0
25
3568
0
0
0
30
481
3581
3
0
2250
0
0
2991
0
923
673
1
4665
5754
1536
1
0
9994
1572
193
9994
13
1
0
0
1941
1507
972
3278
2150
972
0
0
6367
16
2
0
0
0
673
5524
0
0
1323
24
6367
3811
0
1509
442
677
0
1
0
0
0
0
5258
0
0
7380
41
0
5546
626
1
9987
39
6
603
5272
3
841
543
0
0
9768
0
0
0
689
9778
9989
0
203
0
250
970
0
2
3
5543
3517
3750
250
0
0
10
17
0
6372
0
5171
5180
1
0
0
1655
0
9827
65
1398
0
5095
841
9989
0
0
0
14
2457
192
4074
0
5
3
0
9992
0
2
1
3581
0
0
1
1531
2069
203
1551
970
65
2
844
486
846
0
2387
7690
1
567
1552
0
1102
907
4386
0
1
497
270
9790
0
9993
2
9758
764
1
846
0
0
