6
333
0
2
123
3
90
512
35
11
2
3
4
4
69
25
6
4
622
1
322
63
24
10
8
84
67
0
0
0
0
0
0
541
33
0
227
0
523
34
68
0
8
132
8
0
0
24
1
233
235
303
0
188
55
0
7
329
23
165
4
0
0
0
333
0
1
4
409
154
6
197
20
633
0
0
96
60
7
233
2
6
560
14
436
0
50
14
1
83
58
20
0
245
112
20
0
618
5
0
0
328
13
8
188
82
0
1
57
327
158
0
42
228
285
7
0
3
0
5
307
422
85
68
0
591
0
629
625
283
18
63
49
12
557
0
13
24
310
10
315
90
0
336
3
186
245
1
566
0
80
11
208
3
0
56
246
16
18
616
0
10
133
28
148
464
60
11
7
2
32
535
65
4
197
37
