12
12
118
9
0
0
4
21
300
12
0
142
1
0
57
0
19
177
81
394
219
99
20
0
567
39
9
571
2
0
0
2
195
73
41
296
134
62
0
0
301
13
6
0
10
12
177
289
0
1
80
10
300
165
8
305
62
47
0
0
0
4
0
0
263
6
0
493
24
3
200
50
5
371
4
0
82
479
28
68
60
0
0
519
8
0
1
12
578
247
0
17
0
22
52
1
0
10
202
213
350
22
3
4
3
7
0
282
0
280
287
81
0
0
111
29
573
16
174
1
208
63
517
0
0
40
11
222
9
181
3
1
0
23
531
0
70
20
300
0
1
7
72
368
17
74
52
5
5
132
8
191
0
125
584
422
47
227
0
82
53
427
7
2
52
5
580
7
510
2
494
65
36
191
4
27
